mH(GeV)	CrossSection(pb)	+QCDScale%	-QCDScale%	(PDF+as)%	+full%	-full%
10.	648.2679498995342	49.3	-39.1	8.	49.944869606397006	-39.91002380355091
15.	839.9056795785477	37.1	-30.7	6.	37.58204358466953	-31.280824797309933
20.	821.6740949222416	28.7	-24.5	4.9	29.11528808031959	-24.985195616604646
25.	770.7713289774532	23.2	-20.	4.4	23.613555429032708	-20.478281177872326
30.	707.9945795959258	19.9	-16.9	4.2	20.338387350033432	-17.414074767267998
35.	638.6108089042875	17.5	-14.7	4.	17.95132307101624	-15.23450031999737
40.	565.2648487007347	15.8	-13.3	3.9	16.27421273057471	-13.860014430006919
45.	493.4752069077917	14.4	-12.5	3.8	14.892951352905172	-13.064838307457157
50.	427.3537709508826	13.2	-11.9	3.7	13.708756325794107	-12.461942063739505
55.	369.3144483764295	12.3	-11.4	3.7	12.844454056128662	-11.985407794480754
60.	319.8455166409867	11.6	-10.9	3.6	12.145781160551183	-11.479111463872107
65.	278.16845873700174	10.9	-10.5	3.5	11.448143954370945	-11.067971810589327
70.	243.20450936208587	10.4	-10.2	3.5	10.973149046650192	-10.783784122468328
75.	213.81672043891467	10.	-9.9	3.4	10.562196741208716	-10.467568963231148
80.	189.21172934266198	9.6	-9.6	3.4	10.184301645179211	-10.184301645179211
85.	168.43504752689634	9.3	-9.4	3.3	9.868130522039117	-9.962429422585638
90.	150.71953885650248	9.	-9.2	3.3	9.585927185202275	-9.773944955850734
95.	135.52384693272984	8.7	-9.	3.3	9.304837451562493	-9.585927185202275
100.	122.43131865356153	8.5	-8.8	3.2	9.082400563727631	-9.3637599285757
105.	111.08342060976557	8.3	-8.6	3.2	8.895504482602435	-9.176055797563569
110.	101.15672110792393	8.1	-8.5	3.2	8.709190547921201	-9.082400563727631
115.	92.45321575491619	7.9	-8.4	3.1	8.48645980371085	-8.95377015563835
120.	84.79679020590812	7.8	-8.2	3.1	8.393449827097319	-8.766413177577247
125.	78.00115660166912	7.6	-8.1	3.1	8.207923001588162	-8.672946442818612
130.	71.96950959060938	7.5	-8.	3.1	8.115417426109392	-8.579627031520658
135.	66.56093627926008	7.4	-7.9	3.1	8.023091673413685	-8.48645980371085
140.	61.72076311415457	7.3	-7.8	3.	7.892401408950257	-8.357032966310472
145.	57.36546349817374	7.2	-7.7	3.	7.8	-8.263776376451629
150.	53.43106398161217	7.1	-7.6	3.	7.707788269017254	-8.170679286326198
160.	46.61463703430176	6.9	-7.5	3.	7.523961722390672	-8.077747210701755
170.	40.93477280265832	6.7	-7.3	3.	7.340980860893182	-7.892401408950257
180.	36.17265987418994	6.5	-7.2	2.9	7.117583859709698	-7.762087348130012
190.	32.14293856857227	6.4	-7.1	2.9	7.026378868236469	-7.669419795525604
200.	28.717647812234542	6.3	-7.	2.9	6.93541635375988	-7.576938695805846
210.	25.765605319104658	6.2	-6.9	2.9	6.844705983459042	-7.484650960465692
220.	23.20601480196974	6.1	-6.8	2.9	6.754257916307312	-7.392563831310487
230.	20.96425860616009	6.	-6.7	2.9	6.664082832618454	-7.3006848993775915
240.	19.021361531126434	5.9	-6.6	2.8	6.5306967469022785	-7.169379331573968
250.	17.309849384500932	5.8	-6.5	2.8	6.440496875241847	-7.077428911688198
260.	15.79120678550113	5.8	-6.5	2.8	6.440496875241847	-7.077428911688198
270.	14.451932780501064	5.7	-6.4	2.8	6.350590523722971	-6.985699678629192
280.	13.256011297318501	5.7	-6.3	2.8	6.350590523722971	-6.894200461257273
290.	12.190425860349396	5.7	-6.3	2.8	6.350590523722971	-6.894200461257273
300.	11.230721157766702	5.7	-6.2	2.8	6.350590523722971	-6.802940540677979
310.	10.380170043668285	5.7	-6.1	2.8	6.350590523722971	-6.711929677819933
320.	9.616462135439484	5.7	-6.	2.8	6.350590523722971	-6.6211781428987395
330.	8.942734295861264	5.7	-6.	2.8	6.350590523722971	-6.6211781428987395
340.	8.37890571404105	5.7	-5.9	2.8	6.350590523722971	-6.5306967469022785
350.	8.008818842114067	5.7	-5.8	2.8	6.350590523722971	-6.440496875241847
360.	7.134956535539828	5.7	-5.8	2.8	6.350590523722971	-6.440496875241847
370.	6.449989477924152	5.7	-5.7	2.9	6.395310782127793	-6.395310782127793
380.	5.896466368900512	5.7	-5.6	2.9	6.395310782127793	-6.3063460101710245
390.	5.430904889555399	5.7	-5.6	2.9	6.395310782127793	-6.3063460101710245
400.	5.034048920028543	5.7	-5.5	2.9	6.395310782127793	-6.217716622683925
410.	4.690172295026133	5.7	-5.5	2.9	6.395310782127793	-6.217716622683925
420.	4.3893373968180205	5.7	-5.4	2.9	6.395310782127793	-6.129437168288782
430.	4.119313271652075	5.7	-5.4	2.9	6.395310782127793	-6.129437168288782
440.	3.8759774451887243	5.7	-5.3	2.9	6.395310782127793	-6.041522986797286
450.	3.655990072388337	5.6	-5.3	3.	6.352952069707436	-6.090155991434045
460.	3.454283531814736	5.6	-5.2	3.	6.352952069707436	-6.003332407921454
470.	3.269630752119665	5.6	-5.2	3.	6.352952069707436	-6.003332407921454
480.	3.0995228590454516	5.6	-5.2	3.	6.352952069707436	-6.003332407921454
490.	2.942016445182322	5.6	-5.1	3.	6.352952069707436	-5.9169248769948055
500.	2.7949097379060133	5.6	-5.1	3.	6.352952069707436	-5.9169248769948055
550.	2.1892162407431996	5.5	-5.	3.1	6.313477647065839	-5.883026432033091
600.	1.7404231642654258	5.4	-4.9	3.2	6.276941930590087	-5.852349955359813
650.	1.399387948086887	5.4	-4.8	3.4	6.381222453417527	-5.882176467941097
700.	1.135032460867379	5.4	-4.8	3.5	6.435060217278468	-5.940538696111658
750.	0.9272746041369163	5.4	-4.7	3.6	6.489992295835181	-5.920304046246274
800.	0.7633475164526686	5.4	-4.7	3.8	6.603029607687671	-6.04400529450463
850.	0.6319189558139213	5.4	-4.7	4.	6.7201190465645775	-6.171709649683789
900.	0.526032985683963	5.4	-4.7	4.1	6.7801179930735715	-6.236986451805071
950.	0.4407056632169658	5.4	-4.7	4.3	6.902897942168927	-6.370243323453194
1000.	0.3705948017865144	5.5	-4.7	4.5	7.106335201775948	-6.5069193939989765
1050.	0.3134467528427403	5.5	-4.7	4.7	7.234638899074369	-6.646803743153547
1100.	0.2659478262519971	5.6	-4.8	4.9	7.441102068914255	-6.859300255857007
1150.	0.226663962119619	5.6	-4.8	5.1	7.5742986473996385	-7.003570517957251
1200.	0.19389088408679056	5.6	-4.8	5.3	7.710382610480494	-7.150524456289902
1250.	0.16638522362182642	5.7	-4.8	5.5	7.920858539325141	-7.3
1300.	0.1433055237360122	5.7	-4.8	5.7	8.061017305526642	-7.451845409024532
1350.	0.12376860552932042	5.7	-4.9	5.9	8.203657720797475	-7.669419795525605
1400.	0.10720648113056186	5.7	-4.9	6.1	8.348652585896719	-7.824321056807421
1450.	0.09313736236455653	5.8	-4.9	6.3	8.563293758829017	-7.981227975693966
1500.	0.08107279125657064	5.9	-5.	6.5	8.778382538941898	-8.200609733428363
1550.	0.07076742633888587	6.1	-5.	6.7	9.060905032059436	-8.360023923410745
1600.	0.06187826434658521	6.3	-5.	6.9	9.343446901438464	-8.521150157109075
1650.	0.0542662258615935	6.5	-5.1	7.1	9.626006440887103	-8.741853350405735
1700.	0.04767816828327258	6.8	-5.1	7.4	10.04987562112089	-8.987213138676529
1750.	0.04193654929440987	9.4	-1.7	9.1	13.083195328359201	-9.257429448826493
1800.	0.03695202898387466	9.1	-2.3	9.	12.798828071350908	-9.289241088485108
1850.	0.03264724450215349	8.8	-2.9	9.	12.58729518204765	-9.455686120002081
1900.	0.02887950243833703	8.6	-3.4	9.	12.448293055676348	-9.620810776644555
1950.	0.025576717371702144	8.4	-3.8	9.	12.310970717209914	-9.76933979345585
2000.	0.022693042724722678	8.3	-4.2	9.1	12.31665539016173	-10.022474744293447
2050.	0.020150006073844005	8.2	-4.6	9.2	12.323960402403117	-10.285912696499032
2100.	0.017921449024572083	8.1	-4.9	9.4	12.408464852672148	-10.600471687618434
2150.	0.015961370429422094	8.1	-5.1	9.6	12.560652849274993	-10.870602559196064
2200.	0.014242563842175149	8.1	-5.3	9.8	12.714165328483032	-11.14136436887332
2250.	0.012709828646518278	8.1	-5.5	10.	12.868954891520913	-11.412712210513327
2300.	0.011351506190224233	8.1	-5.7	10.2	13.024976007655445	-11.684605256490268
2350.	0.010156374136291854	8.2	-5.8	10.5	13.322537295875737	-11.995415791042843
2400.	0.009103467382239753	8.3	-5.9	10.7	13.541787178950937	-12.218837915284743
2450.	0.008161177832418952	8.3	-6.	11.	13.780058055030104	-12.529964086141668
2500.	0.007314748233530931	8.4	-6.1	11.3	14.080127840328723	-12.841339493993608
2550.	0.006558606923505485	8.5	-6.2	11.6	14.380890097626086	-13.152946437965905
2600.	0.005903595102236562	8.6	-6.2	12.	14.76346842716846	-13.507035203922436
2650.	0.0053053620673773425	8.7	-6.3	12.3	15.065855435387665	-13.819551367537226
2700.	0.004773078903999725	8.7	-6.3	12.6	15.311760186209813	-14.087228258248675
2750.	0.004289283870225091	8.8	-6.4	12.9	15.61569723067145	-14.4003472180361
2800.	0.0038777680495158447	8.9	-6.5	13.3	16.00312469488381	-14.803377992877166
2850.	0.0034860762962353633	8.9	-6.6	13.6	16.253307355735323	-15.116877984557526
2900.	0.003161576351464164	8.9	-6.7	13.9	16.505150711217393	-15.430489298787645
2950.	0.0028429784564444147	8.9	-6.8	14.3	16.843396332094073	-15.83445610054226
3000.	0.0025731797898656014	8.9	-6.9	14.6	17.098830369355678	-16.148374531202823