mG(GeV)	Gamma[ktilda=0.1](GeV)	gluglu	WW ZZ	γγ	tt	hh 
200	0.005102120251947017	0.002341911973361936	0.6798894944629572	0.31745195805090004	0.000292738996670242	0.	0.
201	0.005189582240694957	0.0023371524604423755	0.6770240564187985	0.32032279892649107	0.00029214405755529694	0.	0.
202	0.00527561835372368	0.0023335225827648496	0.6743810658352154	0.32296990997855574	0.0002916903228456062	0.	0.
203	0.0053603459468308644	0.0023309156880733537	0.6719371716958313	0.3254167632952149	0.0002913644610091692	0.	0.
204	0.005443870267720147	0.002329238744492092	0.6696722540463702	0.3276835844406188	0.0002911548430615115	0.	0.
205	0.005526286234924716	0.0023284101186186717	0.6675688699155652	0.32978790905634914	0.00029105126482733396	0.	0.
206	0.0056076798839744466	0.002328357790265014	0.6656118118785219	0.3317450263246849	0.00029104472378312676	0.	0.
207	0.005688129555030366	0.0023290179042303005	0.6637877529506097	0.3335683357187386	0.00029112723802878756	0.	0.
208	0.005767706877256434	0.0023303335851841034	0.6620849584003837	0.33526963653488273	0.0002912916981480129	0.	0.
209	0.00584647759164034	0.0023322539600871424	0.6604930499744021	0.33685936477768086	0.0002915317450108928	0.	0.
210	0.005924502244131289	0.0023347333458729434	0.6590028115631853	0.33834678841607035	0.00029184166823411793	0.	0.
211	0.0060018367737183585	0.0023377305698765796	0.6576060279214142	0.33974016943461816	0.00029221632123457245	0.	0.
212	0.0060785330146744644	0.002341208397753307	0.6562953499663841	0.34104689918449166	0.00029265104971916336	0.	0.
213	0.006154639128121085	0.00234513304908477	0.6550641816078921	0.3422736121034566	0.0002931416311355963	0.	0.
214	0.0062301999749678726	0.002349473785013626	0.6539065841426815	0.3434262817895501	0.00029368422312670326	0.	0.
215	0.0063052574398948	0.002354202555424799	0.6528171950705074	0.3445103025855351	0.0002942753194280999	0.	0.
216	0.006379850714190762	0.002359293695650313	0.651791158823157	0.345530559194181	0.00029491171195628914	0.	0.
217	0.006454016543810301	0.0023647236645930837	0.6508240673900774	0.3464914863499181	0.00029559045807413546	0.	0.
218	0.006527789447862973	0.0023704708176738023	0.6499119092094175	0.3473971201855465	0.0002963088522092253	0.	0.
219	0.006601201911837029	0.0023765152092001533	0.6490510249967903	0.34825114262782497	0.00029706440115001917	0.	0.
220	0.0066742845591272314	0.0023828384197109396	0.6482380694248785	0.3490569199138633	0.00029785480246386745	0.	0.
221	0.006747066303846251	0.002389423404612953	0.6474699777593146	0.3498175361270707	0.0002986779255766191	0.	0.
222	0.006819574487419443	0.002396254361046538	0.6467439367107776	0.350535822496193	0.00029953179513081727	0.	0.
223	0.006891835001071143	0.0024033166104179323	0.6460573588881092	0.3512143830755457	0.00030041457630224154	0.	0.
224	0.006963872395988701	0.002410596494446524	0.6454078603386931	0.3518556173226432	0.0003013245618058155	0.	0.
225	0.0070357099826846466	0.002418081282911859	0.6447932407451943	0.35246174000618274	0.0003022601603639824	0.	0.
226	0.0071073699208565825	0.0024257590915629777	0.6442114659157482	0.35303479880904703	0.0003032198864453722	0.	0.
227	0.00717887330086038	0.002433618808882799	0.6436606522607456	0.35357668993465435	0.0003042023511103499	0.	0.
228	0.007250240217757736	0.002441650030591933	0.6431390529957967	0.3540891719783483	0.00030520625382399164	0.	0.
229	0.00732148983876944	0.002449843000936432	0.642645045849054	0.35457387828672243	0.000306230375117054	0.	0.
230	0.007392640464855678	0.0024581885599384325	0.6421771220833348	0.35503232799538065	0.00030727356999230406	0.	0.
231	0.007463709587051654	0.0024666780959019057	0.6417338766704919	0.3554659359084815	0.0003083347619877382	0.	0.
232	0.007534713938107285	0.0024753035025614463	0.6413139994782281	0.3558760213605681	0.0003094129378201808	0.	0.
233	0.007605669539911952	0.002484057140343319	0.6409162673487445	0.35626381618189684	0.0003105071425429149	0.	0.
234	0.007676591747126879	0.002492931801277125	0.6405395369648701	0.3566304718721393	0.0003116164751596406	0.	0.
235	0.007747495287397714	0.0025019206771555286	0.6401827384131437	0.35697706607344665	0.0003127400846444411	0.	0.
236	0.007818394298476469	0.002511017330590076	0.6398448693650991	0.35730460842202066	0.0003138771663237595	0.	0.
237	0.007889302362544492	0.002520215668654625	0.639524989808078	0.35761404584722134	0.0003150269585818281	0.	0.
238	0.007960232537995512	0.0025295099188453736	0.6392222172655339	0.35790626737855386	0.0003161887398556717	0.	0.
239	0.008031197388909417	0.0025388946071187965	0.6389357224542135	0.358182108513417	0.00031736182588984956	0.	0.
240	0.008102209012422592	0.00254836453779688	0.6386647253320139	0.35844235519205875	0.00031854556722461	0.	0.
241	0.008173279064178873	0.002557914775153352	0.6384084914958409	0.3586877474206206	0.000319739346894169	0.	0.
242	0.008244418782026065	0.0025675406265158376	0.6381663288935936	0.35891898257833704	0.0003209425783144797	0.	0.
243	0.00831563900810631	0.002577237626737262	0.6379375848185638	0.3591367184407609	0.00032215470334215774	0.	0.
244	0.008386950209473413	0.0025870015239061557	0.6377216431581716	0.3593415759472535	0.00032337519048826946	0.	0.
245	0.008458362497357527	0.002596828266179508	0.6375179218721103	0.3595341417377834	0.0003246035332724385	0.	0.
246	0.008529885645185637	0.0026067139896343862	0.6373258706777558	0.35971497048131074	0.0003258392487042983	0.	0.
247	0.008601529105456111	0.0026166550070454374	0.6371449689231053	0.3598845870155861	0.0003270818758806797	0.	0.
248	0.008673302025556343	0.002626647797505053	0.6369747236296498	0.3600434883160624	0.00032833097468813163	0.	0.
249	0.008745213262604305	0.002636688996811524	0.6368146676894502	0.3601921453097311	0.0003295861246014405	0.	0.
250	0.00881727139738753	0.0026467753885580387	0.6366643582023368	0.36033100454803507	0.00033084692356975484	0.	0.
251	0.008889492139531363	0.0026569016865113553	0.6365228456390508	0.3604601900103166	0.0003321127108139194	0.	8.315508740704202e-7
252	0.008961903071442824	0.002667059166116714	0.6363883583546905	0.36057932576806134	0.00033338239576458925	0.	4.652130200605074e-6
253	0.009034523672417737	0.0026772416556498963	0.636259743697959	0.36068835390439324	0.00033465520695623703	0.	0.000012679312326655102
254	0.009107370035469848	0.0026874440887541258	0.6361361138084578	0.36078733660785983	0.0003359305110942657	0.	0.000025744520458803797
255	0.009180456515571115	0.002697661995955977	0.6360167211720504	0.36087638777406256	0.00033720774949449713	0.	0.00004448644690038167
256	0.00925379629288103	0.0027078913267795652	0.6359009147160376	0.3609556499483602	0.00033848641584744566	0.	0.00006941821711435528
257	0.009327401658741609	0.002718128357298828	0.6357881168837322	0.361025282971302	0.0003397660446623535	0.	0.00010096177465808273
258	0.009401284187865086	0.002728369633163661	0.6356778094752836	0.3610854574461696	0.0003410462041454576	0.	0.00013946863749740712
259	0.009475454853213943	0.0027386119307113103	0.6355695239829277	0.3611363506306277	0.0003423264913389138	0.	0.00018523371525123563
260	0.009549924108194805	0.002748852228532234	0.6354628345371651	0.3611781437008003	0.00034360652856652924	0.	0.0002385051312151215
261	0.009624701948536108	0.0027590876856274887	0.6353573525060904	0.36121101985699633	0.0003448859607034361	0.	0.0002994915421036767
262	0.009699797960708866	0.002769315623997805	0.6352527222100753	0.36123516297603797	0.0003461644529997256	0.	0.00036836779080240314
263	0.009775221360983131	0.002779533514363959	0.6351486174267099	0.3612507566341417	0.00034744168929549485	0.	0.000445279394757457
264	0.009850981027705475	0.0027897389641889604	0.6350447384778491	0.3612579833894434	0.00034871737052362005	0.	0.0005303461899988929
265	0.009927085528506983	0.0027999297074477914	0.6349408097592145	0.3612570242512379	0.0003499912134309739	0.	0.0006236653439155336
266	0.010003543143615788	0.002810103595759821	0.6348365776153404	0.3612480582862951	0.0003512629494699776	0.	0.0007253138840579053
267	0.010080361886106335	0.00282025859060791	0.6347318084899785	0.36123126232749503	0.0003525323238259888	0.	0.0008353508479308602
268	0.010157549519691453	0.00283039275644079	0.6346262873003226	0.36120681075986744	0.00035379909455509874	0.	0.0009538191305597888
269	0.010235113574509257	0.0028405042545051255	0.6345198159960008	0.36117487536581994	0.0003550630318131407	0.	0.0010807470872742897
270	0.010313061361248866	0.0028505913372889585	0.6344122122726915	0.36113562521600645	0.0003563239171611198	0.	0.0012161499355279736
271	0.010391399983881592	0.0028606523434836716	0.6343033084166874	0.3610892265956296	0.00035758154293545895	0.	0.001360030989753239
272	0.010470136351207625	0.002870685693390429	0.6341929502615075	0.3610358429583757	0.0003588357116738036	0.	0.0015123827560295287
273	0.01054927718738616	0.002880689884711214	0.6340809962412598	0.3609756349019721	0.00036008623558890176	0.	0.0016731879079397319
274	0.010628829041584867	0.0028906634886754147	0.6339673165282279	0.36090876016068846	0.00036133293608442684	0.	0.0018424201608805276
275	0.010708798296860144	0.0029006051464613228	0.6338517922442952	0.3608353736111127	0.00036257564330766535	0.	0.002020045058923631
276	0.010789191178360396	0.0029105135658785376	0.633734314737522	0.36075562728830785	0.0003638141957348172	0.	0.0022060206858495602
277	0.0108700137609296	0.002920387518282539	0.6336147849165342	0.3606696704100521	0.00036504843978531735	0.	0.0024002983100192762
278	0.010951271976176225	0.002930225835696985	0.6334931126364856	0.36057764940733283	0.0003662782294621231	0.	0.0026028229711868092
279	0.011032971619063076	0.002940027408122714	0.6333692161312308	0.3604797079596298	0.00036750342601533925	0.	0.002813534016095992
280	0.011115118354065477	0.0029497911810153522	0.6332430214870918	0.3603759870338152	0.00036872389762691903	0.	0.0030323655886795855
281	0.011197717720938995	0.002959516152915719	0.6331144621541935	0.36026662492572636	0.00036993951911446486	0.	0.003259247079838264
282	0.011280775140132326	0.002969201373219283	0.6329834784918676	0.3601517573036548	0.0003711501716524104	0.	0.0034941035410823397
283	0.011364295917876585	0.002978845940072531	0.6328500173450395	0.36003151725313637	0.0003723557425090664	0.	0.003736856065740913
284	0.011448285250978418	0.0029884489983855824	0.6327140316488785	0.35990603532256127	0.0003735561247981978	0.	0.003987422140959071
285	0.011532748231341235	0.002998009737951537	0.6325754800593064	0.35977543956920116	0.0003747512172439421	0.	0.004245715973295792
286	0.011617689850236102	0.0030075273916641255	0.6324343266072202	0.3596398556053455	0.0003759409239580157	0.	0.0045116487903896696
287	0.01170311500234142	0.003017001233826137	0.6322905403745129	0.3594994066442939	0.0003771251542282671	0.	0.004785129120865254
288	0.011789028489568748	0.0030264305785418027	0.6321440951901803	0.35935421354600566	0.00037830382231772533	0.	0.0050660630544008675
289	0.011875435024690092	0.0030358147781871193	0.6319949693449711	0.35920439486225436	0.0003794768472733899	0.	0.0053543544836623
290	0.011962339234780713	0.0030451532219525476	0.6318431453231885	0.3590500668811623	0.00038064415274406845	0.	0.005649905329619732
291	0.012049745664490083	0.0030544453344531677	0.6316886095503867	0.3588913436710268	0.00038180566680664596	0.	0.005952615751603138
292	0.012137658779152414	0.003063690574401754	0.6315313521558212	0.3587283371233678	0.00038296132180021925	0.	0.006262384343310443
293	0.012226082967747258	0.00307288843334068	0.6313713667486185	0.35856115699514596	0.000384111054167585	0.	0.006579108315859355
294	0.012315022545719737	0.0030820384344289013	0.6312086502067179	0.3583899109501202	0.00038525480430361267	0.	0.0069026836688659545
295	0.012404481757669113	0.0030911401312806092	0.6310432024777237	0.3582147045993186	0.00038639251641007616	0.	0.0072330053504380334
296	0.012494464779913712	0.0031001931068524403	0.6308750263908799	0.35803564154061646	0.00038752413835655504	0.	0.007569967406887603
297	0.01258497572293963	0.003109196972376338	0.6307041274794405	0.35785282339741414	0.00038864962154704227	0.	0.007913463122892749
298	0.012676018633740004	0.003118151366335464	0.6305305138127744	0.35766634985641965	0.000389768920791933	0.	0.0082633851527734
299	0.012767597498051102	0.003127055953480719	0.6303541958375891	0.3574763187045455	0.00039088199418508987	0.	0.00861962564348711
300	0.01285971624249112	0.003135910423885617	0.6301751862277114	0.35728282586493093	0.00039198880298570214	0.	0.00898207634989881
301	0.012952378736606986	0.003144714492037483	0.6299934997419028	0.3570859654321075	0.0003930893115046854	0.	0.009350628742831909
302	0.013045588794834312	0.00315346789596301	0.6298091530892284	0.3568858297063244	0.00039418348699537625	0.	0.009725174110366334
303	0.013139350178374963	0.003162170396386454	0.6296221648015324	0.35668250922705547	0.0003952712995483068	0.	0.010105603652811714
304	0.013233666596996818	0.003170821775918768	0.6294325551126067	0.3564760928057088	0.000396352721989846	0.	0.010491808571749936
305	0.013328541710759543	0.003179421838276192	0.6292403458436672	0.35626666755756126	0.000397427729784524	0.	0.010883680153511094
306	0.013423979131670326	0.0031879704075268352	0.6290455602947813	0.3560543189329407	0.0003984963009408544	0.	0.011281109847419172
307	0.013519982425273051	0.003196467327363944	0.6288482231419125	0.3558391307476801	0.000399558415920493	0.	0.011683989339118888
308	0.013616555112174172	0.0032049124604046158	0.6286483603392702	0.3556211852128652	0.00040061405755057697	0.	0.012092210619272578
309	0.013713700669508515	0.003213305687512782	0.6284459990266803	0.3554005629638997	0.00040166321093909775	0.	0.012505666047895417
310	0.013811422532347796	0.0032216469071454	0.6282411674416966	0.35517734308891086	0.000402705863393175	0.	0.012924248414578357
311	0.013909724095054705	0.0032299360347208166	0.6280338948362092	0.35495160315651664	0.0004037420043401021	0.	0.013347850994831401
312	0.014008608712585026	0.003238173002008365	0.6278242113973048	0.35472341924297646	0.0004047716252510456	0.	0.013776367602763906
313	0.014108079701740321	0.003246357756538296	0.6276121481721616	0.3544928659587482	0.000405794719567287	0.	0.0142096926403045
314	0.014208140342373398	0.0032544902610311846	0.6273977369967657	0.35426001647446836	0.0004068112826288981	0.	0.014647721143149873
315	0.01430879387854874	0.0032625704928460546	0.6271810104282577	0.3540249425463791	0.0004078213116057568	0.	0.015090348823619966
316	0.014410043519659951	0.0032705984434464293	0.6269620016807192	0.3537877145412173	0.00040882480543080366	0.	0.015537472110585577
317	0.014511892441506047	0.0032785741178836584	0.6267407445642338	0.35354840146058825	0.0004098217647354573	0.	0.01598898818662474
318	0.014614343787328603	0.0032864975342967824	0.626517273427048	0.3533070709648362	0.0004108121917870978	0.	0.01644479502255403
319	0.014717400668811243	0.003294368723428385	0.62629162310069	0.35306378939643446	0.00041179609042854814	0.	0.016904791409473173
320	0.01482106616704329	0.003302187728155767	0.6260638288478924	0.35281862180290435	0.00041277346601947086	0.	0.01736887698845239
321	0.01492534333344899	0.0033099546030369302	0.6258339263131866	0.35257163195928715	0.0004137443253796163	0.	0.017836952277985194
322	0.015030235190683871	0.0033176694138707906	0.6256019514760357	0.35232288239017323	0.0004147086767338488	0.	0.01830891869932167
323	0.015135744733499554	0.00332533223727115	0.6253679406063876	0.3520724343913123	0.00041566652965889376	0.	0.018784678599791604
324	0.015241874929578356	0.003332943160253921	0.6251319302225288	0.35182034805081125	0.0004166178950317401	0.	0.019264135274220207
325	0.015348628720338967	0.003340502279837132	0.6248939570511309	0.3515666822699356	0.0004175627849796415	0.	0.019747192984533864
326	0.01545600902171433	0.0033480097026533217	0.6246540579893879	0.3513114947835257	0.0004185012128316652	0.	0.020233756977648204
327	0.015564018724902911	0.00335546554457384	0.62441227006914	0.3510548421800404	0.00041943319307173	0.	0.020723733501725686
328	0.015672660697094377	0.0033628699303447215	0.6241686304228986	0.3507967799212359	0.0004203587412930902	0.	0.021217029820885573
329	0.01578193778217082	0.0033702229932336828	0.6239231762516766	0.3505373623614953	0.00042127787415421035	0.	0.02171355422844462
330	0.015891852801384308	0.0033775248746879586	0.6236759447945454	0.3502766427668143	0.0004221906093359948	0.	0.022213216058763297
331	0.0160024085540119	0.003384775724002546	0.6234269732998348	0.35001467333345515	0.00042309696550031823	0.	0.02271592569776798
332	0.016113607817988866	0.0033919756979985897	0.6231762989979035	0.34975150520627685	0.0004239969622498237	0.	0.023221594592216583
333	0.016225453350521054	0.003399124960711543	0.622923959075404	0.34948718849674937	0.0004248906200889429	0.	0.023730135257771377
334	0.016337947888677103	0.0034062236830888332	0.6226699906509758	0.34922177230066376	0.00042577796038610415	0.	0.024241461285940052
335	0.01645109414996139	0.0034132720426967096	0.6224144307523041	0.34895530471553976	0.0004266590053370887	0.	0.024755487349942658
336	0.016564894832868344	0.003420270223436007	0.6221573162944747	0.3486878328577449	0.0004275337779295009	0.	0.025272129209559693
337	0.016679352617418923	0.0034272184152665496	0.6218986840595723	0.3484194028793271	0.0004284023019083187	0.	0.0257913037150137
338	0.016794470165679816	0.003434116813939933	0.621638570677464	0.34815005998457	0.0004292646017424916	0.	0.02631292880993458
339	0.016910250122266105	0.003440965620740438	0.6213770126077118	0.3478798484462777	0.00043012070259255475	0.	0.026836923533456156
340	0.017026695114827996	0.003447765042233821	0.6211140461225662	0.3476088116217927	0.0004309706302792276	0.	0.027363208021489466
341	0.01714380775452208	0.003454515290023773	0.6208497072909895	0.3473369919687562	0.0004318144112529716	0.	0.027891703507216342
342	0.017261590636467893	0.0034612165805157896	0.620584031963664	0.34706443106061224	0.0004326520725644737	0.	0.0284223323208444
343	0.01738004634019013	0.003467869134688265	0.6203170557589373	0.34679116960186623	0.00043348364183603313	0.	0.028955017888663177
344	0.01749917743004712	0.003474473177870582	0.6200488140496675	0.34651724744309736	0.00043430914723382275	0.	0.02948968473143911
345	0.017618986455646028	0.0034810289395280076	0.6197793419509213	0.346242703595734	0.00043512861744100095	0.	0.030026258462185217
346	0.017739475952245277	0.003487536653053187	0.619508674308491	0.34596757624659535	0.00043594208163164836	0.	0.030564665783340102
347	0.017860648441144596	0.0034939965555640636	0.6192368456881918	0.3456919027722025	0.00043674956944550795	0.	0.03110483448338901
348	0.017982506430063237	0.0035004088877080134	0.6189638903659008	0.34541571975286534	0.0004375511109635017	0.	0.031646693432958346
349	0.018105052413506597	0.003506773893472064	0.6186898423183105	0.345139062986549	0.000438346736684008	0.	0.03219017258041385
350	0.018228288873121834	0.0035130918199989727	0.6184147352143582	0.3448619675025218	0.0004391364774998716	0.	0.032735202946990796
351	0.018355330282363837	0.0035187662366390486	0.618033801786875	0.344526045942733	0.0004398457795798811	0.00016954226773477287	0.0332760739637738
352	0.018485762410023372	0.0035238863532854403	0.6175633606219396	0.3441404698373111	0.00044048579416068004	0.00048249699423902624	0.033813324051647824
353	0.018618766242898176	0.0035286167148585426	0.6170327537536224	0.3437216518705522	0.00044107708935731783	0.000891600598789728	0.034348275280068376
354	0.018754076181675697	0.003533014180146397	0.6164522718698492	0.34327537186246304	0.00044162677251829963	0.0013803669235349927	0.03488127875234184
355	0.018891551941999492	0.0035371110317174875	0.6158278336724838	0.3428049671665706	0.00044213887896468593	0.0019393657102738393	0.035412472023818246
356	0.019031107483684497	0.0035409288649521213	0.6151634469381819	0.3423127065219399	0.00044261610811901516	0.0025622479626919953	0.03594190305982275
357	0.019172685833894802	0.0035444835302536047	0.6144620863335999	0.3418002802641906	0.0004430604412817006	0.003244328853415232	0.036469573691935875
358	0.019316247567691087	0.003547787402581169	0.6137260974095424	0.3412690260128022	0.00044347342532264614	0.003981935770974102	0.03699545931318122
359	0.01946176470599574	0.0035508505871367745	0.6129574116802831	0.340720048864499	0.0004438563233920968	0.00477206133858667	0.03751951921782962
360	0.019609217153756225	0.003553681624601883	0.6121576726958139	0.3401542918713767	0.0004442102030752354	0.005612160079853204	0.03804170258473794
361	0.019758590470893955	0.0035562879329994134	0.6113283152027571	0.3395725803106335	0.0004445359916249267	0.006500020774348558	0.038561952189507774
362	0.019909874401990563	0.0035586760991929652	0.6104706174859761	0.33897565096775695	0.00044483451239912065	0.007433682075229919	0.039080206831166496
363	0.02006306186566124	0.003560852079048062	0.6095857373975138	0.3383641723024513	0.00044510650988100777	0.008411374435316804	0.03959640298399809
364	0.02021814823648107	0.003562821339325995	0.6086747379665024	0.33773875879024384	0.0004453526674157494	0.009431478833677532	0.04011047595836077
365	0.02037513082068337	0.0035645889609038045	0.6077386060858785	0.33709998139332525	0.00044557362011297556	0.010492496664207578	0.0406223607373766
366	0.02053400846452048	0.0035661597154708602	0.6067782664461249	0.3364483753735922	0.00044576996443385753	0.011593027286483669	0.04113199259222688
367	0.020694781256017047	0.0035675381235284933	0.6057945921153974	0.3357844462301405	0.00044594226544106166	0.01273175098268383	0.04163930754176978
368	0.020857450294054464	0.003568728498898713	0.6047884126977768	0.33510867428212726	0.0004460910623623391	0.013907415818576654	0.042144242699911454
369	0.02102201750700668	0.003569734983301741	0.6037605207073254	0.33442151825356325	0.0004462168729127176	0.015118827380770281	0.04264673654025317
370	0.02118848550850277	0.0035705615734954294	0.6027116766049091	0.33372341810999234	0.0004463201966869287	0.016364840669913033	0.04314672909858304
371	0.021356857481450157	0.0035712121427594118	0.6016426128176632	0.3330147973259561	0.00044640151784492647	0.01764435363439162	0.04364416212785691
372	0.0215271370838726	0.0035716904580228416	0.6005540369742836	0.3322960647136722	0.0004464613072528552	0.018956301968815065	0.04413897921630113
373	0.02169932837179902	0.003572000193597577	0.5994466345289166	0.3315676159095693	0.0004465000241996971	0.02029965489891902	0.04463112587649315
374	0.021873435735629436	0.003572144942239642	0.5983210709035395	0.33082983459134085	0.00044651811777995525	0.021673411743619555	0.04512054961131806
375	0.022049463847261717	0.0035721282240893794	0.5971779932477639	0.33008309348085985	0.0004465160280111724	0.02307659909481891	0.04560719996129489
376	0.022227417615888877	0.0035719534939144164	0.5960180318923057	0.3293277551756085	0.00044649418673930205	0.02450826849211539	0.046091028536742885
377	0.02240730215084105	0.003571624146985831	0.5948418015555109	0.3285641728418408	0.00044645301837322886	0.025967494496726917	0.046571989037502905
378	0.02258912273019484	0.0035711435238472617	0.5936499023496219	0.3277926907955954	0.0004463929404809077	0.02745337308937006	0.04705003726236134
379	0.022772884774136925	0.0035705149141831813	0.5924429206238311	0.3270136449922779	0.00044631436427289766	0.028965020332388444	0.04752513110989654
380	0.02295859382227189	0.0035697415599512065	0.5912214296737279	0.3262273634413665	0.0004462176949939008	0.0305015712483854	0.04799723057213822
381	0.023146255514221472	0.003568826657911284	0.5899859903409737	0.32543416655957436	0.0004461033322389105	0.03206217887690547	0.04846629772217525
382	0.023335875572985217	0.003567773361659545	0.5887371515225296	0.32463436747326607	0.0004459716702074431	0.03364601347799008	0.048932296696648996
383	0.02352745979062939	0.0035665847832547356	0.5874754506051748	0.32382827227892735	0.00044582309790684195	0.03525226185718443	0.04939519367391129
384	0.023721014015948245	0.0035652639945093255	0.5862014138382179	0.32301618026889656	0.0004456579993136657	0.036880126791153496	0.04985495684850039
385	0.023916544143802877	0.0035638140280047866	0.5849155566550153	0.3221983841282879	0.00044547675350059833	0.03852882653673869	0.05031155640248838
386	0.024114056105892796	0.0035622378778802596	0.5836183839520784	0.3213751701080079	0.00044527973473503245	0.04019759440925194	0.050764964474171226
387	0.02431355586275574	0.0035605385004354824	0.5823103903330411	0.3205468181779264	0.0004450673125544353	0.04188567841821257	0.05121515512450501
388	0.024515049396823526	0.0035587188145821454	0.5809920603235559	0.3197136021635861	0.0004448398518227682	0.04359234095070148	0.05166210430163872
389	0.024718542706389325	0.00355678170217214	0.5796638685621616	0.3188757898692644	0.0004445977127715175	0.045316858494121495	0.05210578980384588
390	0.02492404180036328	0.0035547300082266558	0.5783262799713629	0.3180336431897508	0.00044434125102833197	0.04705852139148895	0.05254619124112132
391	0.02513155269371237	0.0035525665410861477	0.5769797499124518	0.3171874182128052	0.00044407081763576847	0.04881663362348572	0.05298328999567514
392	0.02534108140349517	0.0035502940724981115	0.575624724327049	0.31633736531395856	0.00044378675906226394	0.05059051261242373	0.053417069181530004
393	0.025552633945415466	0.003547915337656797	0.5742616398678517	0.3154837292450361	0.00044348941720709963	0.052379489044042354	0.05384751360340365
394	0.025766216330828977	0.0035454330352068806	0.5728909240206892	0.3146267492175735	0.00044317912940086007	0.054182906703706846	0.05427460971503877
395	0.025981834564146853	0.0035428498272211005	0.5715129952196317	0.31376665898209893	0.00044285622840263756	0.056000122324117656	0.05469834557712455
396	0.02619949464058709	0.0035401683391603268	0.5701282629566382	0.3129036869040993	0.00044252104239504085	0.05783050544210154	0.055118710814939444
397	0.02641920254423143	0.0035373911598231677	0.5687371278869644	0.3120380560373569	0.00044217389497789596	0.05967343826244248	0.05553569657583102
398	0.026640964246351196	0.0035345208412910145	0.5673399819313697	0.3111699841952267	0.0004418151051613768	0.061528315527040814	0.05594929548663688
399	0.02686478570396991	0.003531559898873478	0.5659372083759721	0.31029968402032904	0.00044144498735918474	0.06339454438796913	0.05635950161114049
400	0.02709067285863458	0.003528510811058349	0.5645291819704685	0.3094273630530532	0.0004410638513822936	0.0652715442832327	0.05676631040764654
401	0.027318631635371605	0.0035253760194693864	0.5631162690252997	0.3085532237991927	0.0004406720024336733	0.06715874681424486	0.05716971868675103
402	0.027548667941805362	0.003522157928834777	0.5616988275082403	0.3076774637969817	0.00044026974110434713	0.06905559562420327	0.05756972456937555
403	0.027780787667420943	0.0035188589069684198	0.560277207140803	0.30680027568374213	0.00043985736337105247	0.07096154627670041	0.057966327445126566
404	0.028014996682954336	0.0035154812847658524	0.5588517494947611	0.30592184726231897	0.00043943516059573155	0.0728760661340295	0.05835952793103576
405	0.02825130083989546	0.003512027356216181	0.5574227880890417	0.30504236156743214	0.00043900341952702264	0.07479863423475566	0.058749327830730835
406	0.028489705970091005	0.0035084993784310556	0.5559906484871672	0.3041619969320563	0.00043856242230388195	0.07672874117021543	0.059135730094082
407	0.02873021788543593	0.0035048995716914417	0.5545556483953913	0.3032809270538995	0.0004381124464614302	0.07866588895968632	0.05951873877736336
408	0.028972842377643113	0.003501230119512714	0.5531180977616253	0.3023993210620411	0.00043765376493908926	0.08060959092403763	0.0598983590039659
409	0.029217585218082535	0.0034974931687283485	0.5516782988752168	0.3015173435837618	0.00043718664609104357	0.08255937155772958	0.06027459692569283
410	0.02946445215768176	0.0034936908295923174	0.5502365464676189	0.30063515481158826	0.0004367113536990397	0.08451476639907857	0.060647459684665825
411	0.029713448926880767	0.00348982517590018	0.548793127813956	0.29975291057055664	0.0004362281469875225	0.0864753218987471	0.06101695537586671
412	0.029964581235634787	0.003485898245128661	0.5473483228354782	0.29887076238569393	0.00043573728064108264	0.0884405952864525	0.06138309301033615
413	0.030217854773459413	0.0034819120385934594	0.5459024042028734	0.29798885754970017	0.0004352390048241824	0.09041015443591809	0.06174588247904764
414	0.030473275209513193	0.00347786852162489	0.5444556374403984	0.2971073391908119	0.00043473356520311123	0.09238357772811465	0.06210533451747333
415	0.030730848192712948	0.0034737696237609242	0.5430082810307705	0.2962263463408187	0.00043422120297011553	0.09436045391286153	0.06246146067085449
416	0.030990579351878052	0.0034696172389570984	0.5415605865207603	0.29534601400320043	0.0004337021548696373	0.09634038196887228	0.06281427326018826
417	0.031252474295899946	0.0034654132258127223	0.5401127986274128	0.29446647322134806	0.0004331766532265903	0.0983229709623443	0.06316378534893939
418	0.03151653861393375	0.0034611594078127745	0.5386651553448195	0.29358785114682934	0.0004326449259765968	0.1003078399042023	0.0635100107104842
419	0.03178277787560908	0.0034568575735848435	0.5372178880513625	0.2927102711076554	0.00043210719669810544	0.1022946176061136	0.06385296379629184
420	0.03205119763125755	0.0034525094771704337	0.5357712216173456	0.291833852676509	0.0004315636846463042	0.10428294253540084	0.06419265970484643
421	0.032321803412154564	0.003448116838309955	0.5343253745129256	0.2909587117388847	0.0004310146047887444	0.10627246266898019	0.06452911415131198
422	0.03259460073077347	0.003443681342740689	0.532880558916257	0.29008496056110117	0.00043046016784258615	0.10826283534645856	0.06486234343794058
423	0.032869595081050085	0.003439204642507028	0.5314369808217644	0.2892127078581372	0.0004299005803133785	0.11025372712252288	0.0651923644252232
424	0.03314679193865613	0.003434688356282253	0.5299948401484521	0.2883420588612487	0.0004293360445352816	0.11224481361875618	0.06551919450378053
425	0.03342619676127982	0.0034301340697011767	0.5285543308481677	0.28747311538532266	0.0004287667587126471	0.11423577937501482	0.06584285156699117
426	0.0337078149889126	0.003425543335702911	0.5271156410137342	0.2866059758959245	0.00042819291696286386	0.11622631770049893	0.06616335398435262
427	0.03399165204414054	0.00342091767488307	0.5256789529868664	0.2857407355759976	0.00042761470936038374	0.11821613052464769	0.06648072057556999
428	0.03427771333243954	0.003416258575854728	0.5242444434657939	0.28487748639217403	0.000427032321981841	0.12020492824798626	0.06679497058536604
429	0.03456600424247324	0.0034115674956174437	0.522812283612509	0.28401631716065795	0.00042644593695218046	0.12219242959305082	0.06710612365900613
430	0.034856530146392915	0.003406845859933689	0.5213826391595663	0.28315731361264257	0.0004258557324917111	0.12417836145551177	0.06741419981852997
431	0.03514929640013852	0.003402095063712032	0.519955670516361	0.2823005584592277	0.000425261882964004	0.12616245875561333	0.06771921943968191
432	0.035444308343740134	0.003397316471396459	0.5185315328748169	0.2814461314557994	0.00042466455892455735	0.12814446429004342	0.06802120322953162
433	0.03574157130161933	0.0033925114173611903	0.5171103763144154	0.2805941094658448	0.0004240639271701488	0.13012412858434158	0.06832017220477442
434	0.03604109058288993	0.0033876812063104254	0.5156923459065041	0.27974456652416496	0.00042346015078880317	0.13210120974595077	0.0686161476707026
435	0.036342871481657366	0.0033828271136824243	0.5142775818178257	0.27889757389946335	0.00042285338921030304	0.1340754733180124	0.06890915120083685
436	0.03664691927731681	0.003377950386057362	0.5128662194132078	0.2780532001562777	0.00042224379825717026	0.13604669213399923	0.06919920461720662
437	0.03695323923484905	0.0033730522415684363	0.511458389357362	0.27721151121623266	0.00042163153019605454	0.13801464617327788	0.06948632997126944
438	0.03726183660511417	0.0033681338703157055	0.5100542177157421	0.27637257041859026	0.0004210167337894632	0.13997912241768565	0.06977054952545692
439	0.03757271662514264	0.003363196434782148	0.508653826054413	0.2755364385800738	0.0004203995543477685	0.1419399147092024	0.07005188573533636
440	0.03788588451842355	0.0033582410702514853	0.5072573315388873	0.27470317405394856	0.00041978013378143566	0.1438968236087946	0.07033036123237582
441	0.038201345495189776	0.003353268885227289	0.5058648470318892	0.2738728327883382	0.0004191586106534111	0.14584965625650206	0.07060599880730109
442	0.03851910475269982	0.0033482809618529718	0.5044764811900064	0.2730454683837622	0.00041853512023162147	0.14779822623283528	0.07087882139403207
443	0.03883916747551624	0.0033432783563321993	0.5030923385591984	0.27222113214987814	0.0004179097945415249	0.14974235342154474	0.07114885205418656
444	0.03916153883578052	0.0033382620993493662	0.5017125196691237	0.2713998731614166	0.0004172827624186708	0.15168186387382104	0.07141611396213918
445	0.039486223993484136	0.003333233196489737	0.5003371211262639	0.27058173831329557	0.0004166541495612171	0.15361658967397884	0.07168063039062285
446	0.039813228096735896	0.003328192628658898	0.4989662357058137	0.26976677237490454	0.00041602407858236227	0.15554636880667513	0.07194242469686085
447	0.04014255628202528	0.003323141352501185	0.4975999524423127	0.26895501804355004	0.0004153926690626481	0.15747104502570566	0.07220152030921649
448	0.04047421367448187	0.003318080300816751	0.4962383567190023	0.26814651599705275	0.0004147600376020939	0.15939046772442286	0.07245794071434884
449	0.04080820538813068	0.0033130103829769925	0.4948815303558846	0.267341304945493	0.00041412629787212406	0.16130449180781134	0.07271170944486134
450	0.04114453652614345	0.0033079324853380267	0.49352955169646917	0.2665394216820965	0.00041349156066725334	0.163212977566256	0.07296285006743171
451	0.04148321218108586	0.003302847471651943	0.4921824956931924	0.2657409011332578	0.0004128559339564929	0.16511579055103232	0.07321138617141036
452	0.04182423743516044	0.003297756183475618	0.49084043399150046	0.2649457764077005	0.00041221952293445227	0.16701280145154696	0.07345734135787602
453	0.042167617360445594	0.0032926594405767945	0.48950343501258087	0.2641540788447676	0.0004115824300720993	0.16890388597435113	0.07370073922913549
454	0.04251335701913022	0.0032875580413372486	0.48817156403474044	0.2633658380618474	0.0004109447551671561	0.1707889247239484	0.07394160337865675
455	0.04286146146374431	0.0032824527631528187	0.486844883273421	0.26258108200093055	0.00041030659539410233	0.17266780308541435	0.07417995738142291
456	0.043211935737385423	0.003277344362830092	0.48552345195984664	0.26179983697430165	0.0004096680453537615	0.17454041110884164	0.07441582478469552
457	0.04356478487394101	0.0032722335769796	0.4842073264183051	0.26102212770936717	0.00040902919712245	0.1764066433956247	0.07464922909917605
458	0.043920013898306604	0.0032671211224053077	0.4828965601420581	0.2602479773926229	0.00040839014030066346	0.17826639898659152	0.07488019379055408
459	0.04427762782659999	0.003262007696490292	0.48159120386788284	0.25947740771276356	0.0004077509620612865	0.18011958125199032	0.07510874227143076
460	0.044637631666371316	0.003256893977578438	0.48029130564924777	0.25871043890294043	0.0004071117471973048	0.1819660977833357	0.07533489789360723
461	0.04500003041680922	0.003251780625352022	0.47899691092812363	0.25794708978217107	0.00040647257816900275	0.1838058602871162	0.0755586839407263
462	0.045364829068942986	0.0032466682812050717	0.4777080626054377	0.25718737779590706	0.00040583353515063396	0.1856387844803643	0.0757801236212577
463	0.04573203260584071	0.0032415575686123984	0.4764248011101741	0.2564313190557668	0.0004051946960765498	0.18746478998808627	0.07599924006181587
464	0.046101646002803726	0.0032364490934941887	0.4751471644671293	0.2556789283784394	0.0004045561366867736	0.18928380024254846	0.07621605630080006
465	0.04647367422755706	0.003231343444576082	0.47387518836333	0.25493021932376725	0.00040391793057201024	0.1910957423844154	0.07643059528234722
466	0.04684812224043623	0.0032262411937446387	0.4726089062131234	0.2541852042320152	0.00040328014921807984	0.1929005471657318	0.07664287985058715
467	0.04722499499457016	0.003221142896398153	0.4713483492219487	0.25344389426033553	0.0004026428620497691	0.1946981488547399	0.0768529327441907
468	0.047604297436060594	0.003216049091792716	0.4700935464488002	0.25270629941843553	0.0004020061364740895	0.19648848514252287	0.0770607765912015
469	0.04798603450415769	0.0032109603033835176	0.4688445248673975	0.2519724286034587	0.0004013700379229397	0.19827149705146208	0.07726643390414202
470	0.04837021113143224	0.0032058770391612977	0.46760130942606953	0.25124228963408746	0.0004007346298951622	0.20004712884549586	0.07746992707538451
471	0.04875683224394418	0.0032007997919839422	0.46636392310636926	0.250515889283878	0.0004000999739979928	0.2018153279421659	0.07767127837277876
472	0.049145902761407775	0.003195729039903174	0.4651323869804326	0.2497932333138371	0.00039946612998789676	0.20357604482643618	0.07787050993552719
473	0.04953742759735337	0.003190665246486325	0.4639067202670928	0.24907432650425074	0.0003988331558107906	0.20532923296626873	0.0780676437702995
474	0.04993141165928568	0.0031856088611331716	0.4626869403867702	0.2483591726857758	0.00039820110764164646	0.20707484872993934	0.07826270174757846
475	0.050327859848838925	0.003180560319387803	0.4614730630151461	0.24764777476980387	0.00039757003992347536	0.2088128513050748	0.07845570559822841
476	0.0507267770619287	0.003175520043245539	0.4602651021356413	0.2469401347781096	0.00039694000540569236	0.21054320261939366	0.07864667691027931
477	0.05112816818890054	0.003170488441454889	0.45906307009071495	0.24623625387179426	0.00039631105518186114	0.21226586726313185	0.07883563712591832
478	0.05153203811467552	0.0031654659098145506	0.45786697763199535	0.24553613237953453	0.00039568323872681883	0.21398081241313166	0.0790226075386814
479	0.0519383917188927	0.0031604528314654497	0.456676833969266	0.24483976982514838	0.0003950566039331812	0.21568800775857483	0.07920760929083785
480	0.05234723387604854	0.003155449577177864	0.4554926468183188	0.24414716495448982	0.000394431197147233	0.21738742542833855	0.07939066337096096
481	0.05275856945563338	0.003150456505633609	0.4543144224476923	0.24345831576168275	0.00039380706320420113	0.2190790399199522	0.07957179061167735
482	0.05317240332226504	0.0031454739637033387	0.45314216572431526	0.24277321951470623	0.00039318424546291733	0.22076282803013372	0.07975101168758884
483	0.05358874033581955	0.0031405022867189614	0.45197588015806855	0.2420918727803415	0.0003925627858398702	0.22243876878688232	0.07992834711335998
484	0.05400758535155901	0.003135541798741217	0.4508155679452861	0.24141427144849298	0.00039194272484265215	0.22410684338310605	0.08010381724196546
485	0.054428943220256834	0.0031305928128224376	0.4496612300112109	0.24074041075589506	0.0003913241016028047	0.22576703511176055	0.0802774422630906
486	0.054852818788320254	0.003125655631264523	0.448512866051425	0.24007028530921398	0.0003907069539080654	0.22741932930247538	0.08044924220167932
487	0.05527921689791007	0.0031207305458721833	0.44737047457227	0.23940388910755883	0.0003900913182340229	0.22906371325964628	0.0806192369166241
488	0.05570814238705805	0.0031158178382014574	0.44623405293027574	0.23874121556441136	0.00038947722977518217	0.23070017620196784	0.08078744609959165
489	0.056139600089781534	0.003110917779803586	0.44510359737061694	0.23808225752898546	0.0003888647224754482	0.23232870920338453	0.0809538892739794
490	0.05657359483619578	0.003106030632464257	0.44397910306461275	0.2374270073070297	0.0003882538290580321	0.23394930513543533	0.08111858579399733
491	0.05701013145262365	0.0031011566484382713	0.44286056414628894	0.23677545668108105	0.0003876445810547839	0.2355619586109693	0.08128155484386994
492	0.057449214761703185	0.0030962960706796944	0.44174797374801866	0.23612759693018356	0.0003870370088349618	0.2371666659292068	0.08144281543715355
493	0.05789084958249251	0.0030914491330675184	0.4406413240352624	0.23548341884908106	0.0003864311416334398	0.2387634250221246	0.08160238641616412
494	0.05833504073057269	0.0030866160606269058	0.43954060624041946	0.23484291276689623	0.0003858270075783632	0.24035223540213932	0.08176028645151065
495	0.05878179301814832	0.0030817970697460477	0.4384458106958136	0.23420606856530493	0.00038522463371825597	0.2419330981110663	0.08191653404173008
496	0.05923111125414578	0.0030769923683887147	0.43735692686582717	0.23357287569621918	0.00038462404604858934	0.24350601567033112	0.08207114751301897
497	0.059683000244309455	0.0030722021563025234	0.43627394337820036	0.23294332319898567	0.00038402526953781543	0.24507099203240829	0.08222414501905792
498	0.06013746479129572	0.0030674266252230095	0.43519684805451514	0.23231739971711468	0.0003834283281528762	0.2466280325334667	0.08237554454092463
499	0.06059450969476505	0.0030626659590735263	0.43412562793987847	0.23169509351454542	0.0003828332448841908	0.24817714384719503	0.08252536388709139
500	0.06105413975147197	0.003057920334161048	0.43306026933182085	0.23107639249146028	0.000382240041770131	0.24971833393978757	0.08267362069350352
