MH(GeV) sinθ tanβ CrossSection(fb) PDF(%) αs(%) scaleup(%) scaledo(%)
260 0.31 0.80 315.92 2.2 2.0  19.2 15.0
275 0.31 0.80 351.78 2.2 2.0  19.2 15.1
300 0.31 0.80 340.05 2.3 2.0  19.1 15.1
325 0.27 0.58 239.07 2.3 1.9  18.9 15.1
350 0.27 0.58 252.31 2.4 1.9  18.9 15.1
400 0.27 0.58 233.65 2.5 1.9  18.7 15.3
450 0.24 0.46 142.91 2.7 1.9  18.6 15.3
500 0.24 0.46 109.61 2.7 1.9  18.5 15.3
600 0.23 0.37 67.81 2.9 1.8  18.4 15.3
700 0.21 0.31 49.05 2.9 1.9  18.4 15.3
750 0.21 0.25 45.31 2.9 1.9  18.5 15.3
800 0.21 0.25 42.90 2.9 1.9  18.4 15.3
900 0.19 0.25 38.57 2.7 1.9  18.5 15.3
1000 0.17 0.23 36.24 2.7 1.9  18.4 15.2
1100 0.17 0.23 35.62 2.7 1.9  18.5 15.2
1200 0.17 0.23 35.22 2.7 1.9  18.5 15.2
1300 0.17 0.23 34.96 2.7 1.9  18.5 15.2
1400 0.17 0.23 34.80 2.7 1.9  18.5 15.2
1500 0.17 0.23 34.68 2.7 1.9  18.5 15.2
1600 0.17 0.23 34.60 2.7 1.9  18.5 15.2
1800 0.17 0.23 34.49 2.7 1.9  18.5 15.2
2000 0.17 0.23 34.42 2.7 1.9  18.5 15.2
2250 0.17 0.23 34.37 2.7 1.9  18.5 15.2
2500 0.17 0.23 34.33 2.7 1.9  18.5 15.2
2750 0.17 0.23 34.31 2.7 1.9  18.5 15.2
3000 0.17 0.23 34.29 2.7 1.9  18.5 15.2
